55
63
14
56
40
16
67
16
74
44
25
53
43
43
24
11
45
73
52
47
71
37
75
14
26
51
77
4
16
35
63
77
11
45
67
26
65
50
74
74
1
77
15
54
5
31
4
3
76
35
11
65
41
50
57
4
33
73
31
53
51
40
66
13
21
17
36
75
76
51
31
74
65
46
5
46
67
32
31
73
54
74
77
50
35
16
17
52
25
54
37
61
22
71
15
77
44
55
56
52
52
31
73
77
50
15
21
64
30
53
37
71
57
15
67
11
71
51
27
5
60
15
37
77
14
74
55
34
61
77
75
57
56
63
50
54
17
37
76
57
71
50
47
45
46
45
53
51
64
55
47
52
61
7
27
64
55
46
41
75
32
73
17
46
57
65
63
15
45
45
17
40
47
53
3
13
62
47
7
56
75
70
56
72
55
77
41
36
60
73
57
6
54
57
61
34
74
64
40
44
37
56
7
31
75
70
25
44
77
46
73
47
73
26
63
57
61
73
22
21
11
44
44
75
54
17
16
24
36
42
14
57
30
20
50
37
37
14
77
57
73
75
45
63
51
67
31
67
45
51
35
56
73
16
11
51
67
15
65
56
64
14
57
44
15
17
54
25
12
57
34
63
3
62
14
25
77
46
73
51
65
51
16
0
76
55
2
61
57
66
44
66
55
65
16
41
45
77
45
24
77
4
60
36
57
71
54
17
27
75
12
57
31
37
37
15
12
40
2
37
57
15
66
34
21
73
36
74
55
33
77
7
7
17
15
24
76
75
31
73
61
71
11
26
57
76
57
0
43
45
45
13
43
47
13
54
73
36
16
46
61
55
73
46
66
21
47
4
56
57
27
50
31
73
77
0
36
53
34
15
74
16
67
1
53
45
54
47
50
66
24
25
25
3
75
25
34
71
73
75
76
45
77
35
15
52
47
17
11
35
73
31
41
33
13
56
57
47
11
66
63
71
77
67
70
32
71
6
51
14
74
13
45
37
51
47
37
54
73
33
21
4
5
45
32
16
27
67
76
57
1
34
67
65
54
14
37
51
43
26
7
35
7
75
75
52
56
17
35
77
52
67
60
77
45
76
73
15
33
30
2
76
1
41
63
11
66
57
65
15
65
53
54
35
31
7
1
1
44
5
67
3
47
53
35
74
61
73
26
5
54
30
23
45
56
57
17
56
26
71
57
57
77
62
17
76
37
71
53
54
14
55
77
36
73
73
61
16
36
54
36
36
42
42
62
76
76
66
65
75
23
15
74
1
26
56
56
52
57
61
16
54
53
23
30
44
71
73
45
15
12
55
13
55
33
75
70
76
17
33
67
55
74
33
77
14
75
77
55
52
13
5
74
55
71
15
37
72
63
55
52
51
17
44
77
44
75
20
3
47
65
31
75
55
11
13
17
57
57
45
10
67
74
75
11
72
37
74
72
35
23
27
13
47
73
72
50
75
17
76
71
51
75
51
25
35
71
66
11
74
56
55
67
13
0
17
53
63
73
61
5
17
1
74
51
47
31
75
7
15
11
0
43
37
44
47
47
73
36
57
66
56
55
54
43
3
77
1
41
75
45
34
74
75
6
11
32
50
23
70
74
7
4
26
53
57
76
72
77
45
45
37
5
16
71
33
55
41
60
14
37
76
45
56
45
40
53
63
57
13
37
71
6
31
73
60
35
50
46
63
26
35
47
12
44
0
74
64
40
44
37
56
7
31
75
70
25
44
77
46
73
47
73
26
63
57
61
73
22
21
11
44
44
75
54
17
16
24
36
42
14
57
30
20
50
37
37
14
77
57
73
75
45
63
51
67
31
67
45
51
35
56
73
16
11
51
67
15
65
56
64
14
57
44
15
17
54
25
12
57
34
63
3
62
14
25
77
46
73
51
65
51
16
0
76
55
2
61
57
66
44
66
55
65
16
41
45
77
45
24
77
4
60
36
57
71
54
17
27
75
12
57
31
37
37
15
12
40
2
37
57
15
66
34
21
73
36
74
55
33
77
7
7
17
15
24
76
75
31
73
61
71
11
26
57
76
57
0
43
45
45
13
43
47
13
54
73
36
16
46
61
55
73
46
66
21
47
4
56
57
27
50
31
73
77
0
36
53
34
15
74
16
67
1
53
45
54
47
50
66
24
25
25
3
75
25
34
71
73
75
76
45
77
35
15
52
47
17
11
35
73
31
41
33
13
56
57
47
11
66
63
71
77
67
70
32
71
6
51
14
74
13
45
37
51
47
37
54
73
33
21
4
5
45
32
16
27
67
76
57
1
34
67
65
54
14
37
51
43
26
7
35
7
75
75
52
56
17
35
77
52
67
60
77
45
76
73
15
33
30
2
76
1
41
63
11
66
57
65
15
55
45
15
12
55
13
55
33
75
70
76
17
33
67
55
74
33
77
14
75
77
55
52
13
5
74
55
71
15
37
72
63
55
52
51
17
44
77
44
75
20
3
47
65
31
75
55
11
13
17
57
57
45
7c
6
2e
72
41
e
f
4
2e
22
3b
18
4c
3c
60
5f
6d
38
57
70
1c
5d
39
3a
11
5c
17
32
33
43
41
2f
49
6f
21
b
7d
30
f
2b
53
4a
43
1f
6
24
7e
74
5c
56
64
78
33
1d
32
44
79
4a
76
2d
d
37
5c
57
26
7e
62
23
2e
71
4e
1
3b
11
21
41
35
1f
35
11
75
19
a
28
37
3c
6c
30
6
62
5d
14
19
3a
6b
3f
38
4d
62
66
3e
30
68
79
42
9
3a
77
28
70
9
1e
9
13
46
40
4f
33
71
56
15
4e
6a
2f
8
55
6e
40
22
51
27
60
1
f
59
43
18
13
3b
40
3
44
5e
d
57
25
4d
26
58
3e
7c
6d
d
66
1c
15
3b
b
56
5d
5c
7d
3d
5d
c
16
21
24
2a
5c
64
2d
20
43
3a
77
68
8
1d
40
46
1a
2d
53
0
4a
69
3c
55
3f
19
31
3c
57
e
48
6d
2b
13
7f
22
7b
7
40
3b
4e
5a
69
21
5a
33
a
16
8
49
30
39
5
7
47
4d
74
77
39
c
2
a
51
2e
1d
50
50
19
58
10
54
26
6a
3d
47
45
70
52
5b
78
1b
b
31
21
12
79
6e
7
70
28
13
72
32
64
20
4f
34
71
68
c
1
3d
32
6c
7a
7a
31
6b
4c
c
63
67
18
15
8
2a
e
77
31
7e
1f
44
70
51
28
11
20
5d
2
9
69
3
46
1c
6f
40
16
20
2b
62
2d
f
49
45
24
52
6f
32
49
21
30
68
65
20
39
e
31
59
6b
33
62
54
37
28
70
26
69
6
47
14
68
74
23
32
39
47
4
28
79
4d
49
29
35
2f
4a
6e
3d
7b
47
28
2f
2a
7c
66
52
6d
c
3b
73
53
50
5c
47
73
e
0
3b
12
29
34
5f
72
5e
14
21
28
2
5e
23
49
6
52
73
3
38
46
63
6f
1b
51
60
46
77
2f
f
20
2e
69
4e
17
1b
71
2d
26
6e
a
5c
3
e
1
7e
18
15
3e
33
4e
3
5b
3d
1e
4c
73
44
7a
5c
12
11
78
3
3f
1e
71
49
7a
74
57
7
37
7c
6
2e
72
41
e
f
4
2e
22
3b
18
4c
3c
60
5f
6d
38
57
70
1c
5d
39
3a
11
5c
17
32
33
43
41
2f
49
6f
21
b
7d
30
f
2b
53
4a
43
1f
6
24
7e
74
5c
56
64
78
33
1d
32
44
79
4a
76
2d
d
37
5c
57
26
7e
62
23
2e
71
4e
1
3b
11
21
41
35
1f
35
11
75
19
a
28
37
3c
6c
30
6
62
5d
14
19
3a
6b
3f
38
4d
62
66
3e
30
68
79
42
9
3a
77
28
70
9
1e
9
13
46
40
4f
33
71
56
15
4e
6a
2f
8
55
6e
40
22
51
27
60
1
f
59
43
18
13
3b
40
3
44
5e
d
57
25
4d
26
58
3e
7c
6d
d
66
1c
15
3b
b
56
5d
5c
7d
3d
5d
c
16
21
24
2a
5c
64
2d
20
43
3a
77
68
8
1d
40
46
1a
2d
53
0
4a
69
3c
55
3f
19
31
3c
57
e
48
6d
2f
6c
17
b
50
45
2b
13
7f
22
7b
7
40
3b
4e
5a
69
21
5a
33
a
16
8
49
30
39
5
7
47
4d
74
77
39
c
2
a
51
2e
1d
50
50
19
58
10
54
26
6a
3d
47
45
70
52
5b
78
1b
b
31
21
12
79
6e
7
70
28
13
72
32
64
20
4f
34
71
68
c
1
3d
32
6c
7a
7a
31
6b
4c
c
63
67
18
15
8
2a
e
77
31
7e
1f
44
70
51
28
11
20
5d
2
9
69
3
46
1c
6f
40
16
20
2b
62
2d
f
49
45
24
52
6f
32
49
21
30
68
65
20
39
e
31
59
6b
33
62
54
37
28
70
26
69
6
47
14
68
74
23
32
39
47
4
28
79
4d
49
29
35
2f
4a
6e
3d
7b
47
28
2f
2a
7c
66
52
6d
c
3b
73
53
50
5c
47
73
e
0
3b
12
29
34
5f
72
5e
14
21
28
2
5e
23
49
6
52
73
3
38
46
70
45
1
63
18
51
3f
60
45
4d
60
0
5f
9
34
3e
7c
12
52
1d
3a
54
7c
5e
1e
2
30
11
5
69
57
75
2e
59
59
46
2a
18
26
6f
66
7
6f
45
10
24
4
c
36
56
2a
71
2b
26
4f
49
28
7f
5a
2e
68
32
23
16
b
7c
5d
35
15
3
25
7b
a
14
40
1b
38
44
27
6f
1b
51
60
46
77
2f
f
20
2e
69
4e
17
1b
71
2d
26
6e
a
5c
3
e
1
7e
18
15
3e
33
4e
3
5b
3d
1e
2c
1d
64
24
4c
73
44
7a
5c
12
11
78
3
3f
1e
71
49
7a
74
57
7b
72
70
11
31
23
5f
34
7e
1c
52
2b
39
36
4f
5
29
13
7f
5
25
11
7d
28
50
1c
1a
19
16
e
71
12
1
61
23
32
4
2
66
3
1e
38
2e
57
6e
7d
5c
17
10
5b
1c
35
6c
1a
5d
3c
36
77
56
4c
6
47
5e
7
28
1
39
2c
3
1f
2f
21
57
5d
78
45
5a
54
5c
6a
30
78
1f
1c
12
7d
59
48
74
2f
15
7a
76
73
1
1e
75
3a
4a
78
59
7a
1a
30
57
12
75
32
67
51
1c
17
4a
3c
33
5c
39
c
25
2d
3b
3a
28
31
2d
29
4f
22
64
1a
1b
3d
14
35
6e
6b
47
63
1d
2e
35
3a
45
7f
76
79
5b
2f
5
0
5c
41
3a
4
72
68
2e
42
a
12
5c
25
4f
70
5a
3d
5b
22
21
79
50
56
33
16
55
29
f
30
58
14
31
34
55
6b
39
48
53
67
a
5e
79
66
3
48
56
5e
6
31
0
27
2a
50
7d
5d
66
52
6
75
2
5e
a
33
13
5f
1f
4c
27
72
33
31
50
2c
17
54
74
6d
32
7a
1f
32
21
49
2
1e
27
69
70
2d
5e
73
c
68
26
1f
48
45
6b
6f
38
1e
21
8
4a
38
5c
3e
26
e
39
45
40
5a
e
43
79
35
2c
69
63
a
5c
6f
73
3
e
3b
48
79
2a
0
17
4b
9
61
4
65
1f
2a
74
58
6f
34
33
7d
77
2c
33
23
15
16
2e
72
5
21
75
13
5c
3d
c
6
3e
23
52
47
4
56
2c
23
0
20
7c
6f
55
2f
6c
4c
5b
1f
70
70
35
1e
62
3a
3f
57
4d
1b
15
59
21
53
7c
73
1a
0
49
46
24
49
67
20
38
3c
4f
25
8
2a
44
78
1a
7a
16
7d
34
55
54
2
70
69
5b
12
3c
58
5
56
58
4f
1d
7c
18
4
1c
51
40
6b
76
48
15
3a
41
30
34
57
2d
69
2d
1
6b
1d
6b
46
2f
27
1e
35
7e
77
4
1b
73
1c
1f
10
6d
5f
7b
63
27
11
1e
68
41
52
40
6e
3b
6d
6f
26
a
5a
6d
3a
2
b
6f
0
2
73
1b
76
f
3a
6
7d
19
1
60
40
12
7e
29
53
51
69
41
c
56
31
33
60
b
20
1a
d
2b
9
d
2e
7c
18
77
77
1d
7d
3c
5a
15
4
31
7c
53
e
34
36
0
6
4
5
28
40
4f
3b
74