55
63
14
56
40
16
67
16
74
44
25
53
43
43
24
11
45
73
52
47
71
37
75
14
26
51
77
4
16
35
63
77
11
45
67
26
65
50
74
74
1
77
15
54
5
31
4
3
76
35
11
65
41
50
57
4
33
73
31
53
51
40
66
13
21
17
36
75
76
51
31
74
65
46
5
46
67
32
31
73
54
74
77
50
35
16
17
52
25
54
37
61
22
71
15
77
44
55
56
52
52
31
73
77
50
15
21
64
30
53
37
71
57
15
67
11
71
51
27
5
60
15
37
77
14
74
55
34
61
77
75
57
56
63
50
54
17
37
76
57
71
50
47
45
46
45
53
51
64
55
47
52
61
7
27
64
55
46
41
75
32
73
17
46
57
65
63
15
45
45
17
40
47
53
3
13
62
47
7
56
75
70
56
72
55
77
41
36
60
73
57
6
54
57
61
34
74
64
40
44
37
56
7
31
75
70
25
44
77
46
73
47
73
26
63
57
61
73
22
21
11
44
44
75
54
17
16
24
36
42
14
57
30
20
50
37
37
14
77
57
73
75
45
63
51
67
31
67
45
51
35
56
73
16
11
51
67
15
65
56
64
14
57
44
15
17
54
25
12
57
34
63
3
62
14
25
77
46
73
51
65
51
16
0
76
55
2
61
57
66
44
66
55
65
16
41
45
77
45
24
77
4
60
36
57
71
54
17
27
75
12
57
31
37
37
15
12
40
2
37
57
15
66
34
21
73
36
74
55
33
77
7
7
17
15
24
76
75
31
73
61
71
11
26
57
76
57
0
43
45
45
13
43
47
13
54
73
36
16
46
61
55
73
46
66
21
47
4
56
57
27
50
31
73
77
0
36
53
34
15
74
16
67
1
53
45
54
47
50
66
24
25
25
3
75
25
34
71
73
75
76
45
77
35
15
52
47
17
11
35
73
31
41
33
13
56
57
47
11
66
63
71
77
67
70
32
71
6
51
14
74
13
45
37
51
47
37
54
73
33
21
4
5
45
32
16
27
67
76
57
1
34
67
65
54
14
37
51
43
26
7
35
7
75
75
52
56
17
35
77
52
67
60
77
45
76
73
15
33
30
2
76
1
41
63
11
66
57
65
15
65
53
54
35
31
7
1
1
44
5
67
3
47
53
35
74
61
73
26
5
54
30
23
45
56
57
17
56
26
71
57
57
77
62
17
76
37
71
53
54
14
55
77
36
73
73
61
16
36
54
36
36
42
42
62
76
76
66
65
75
23
15
74
1
26
56
56
52
57
61
16
54
53
23
30
44
71
73
45
15
12
55
13
55
33
75
70
76
17
33
67
55
74
33
77
14
75
77
55
52
13
5
74
55
71
15
37
72
63
55
52
51
17
44
77
44
75
20
3
47
65
31
75
55
11
13
17
57
57
45
10
67
74
75
11
72
37
74
72
35
23
27
13
47
73
72
50
75
17
76
71
51
75
51
25
35
71
66
11
74
56
55
67
13
0
17
53
63
73
61
5
17
1
74
51
47
31
75
7
15
11
0
43
37
44
47
47
73
36
57
66
56
55
54
43
3
77
1
41
75
45
34
74
75
6
11
32
50
23
70
74
7
4
26
53
57
76
72
77
45
45
37
5
16
71
33
55
41
60
14
37
76
45
56
45
40
53
63
57
13
37
71
6
31
73
60
35
50
46
63
26
35
47
12
44
0
57
66
57
35
50
36
31
32
76
25
23
52
51
65
20
44
72
17
13
73
1f
2b
