1
5
57
33
20
76
45
42
36
60
76
42
11
3
50
11
11
52
71
11
11
11
2
36
2
16
21
53
5
76
11
6
73
71
42
24
67
7
66
25
70
64
67
1
67
47
12
0
12
3
22
23
25
24
61
27
42
2
2
47
0
14
56
74
5
10
20
74
17
6
21
7
72
10
10
62
57
23
62
71
36
4
24
53
30
5
3
73
10
15
32
10
31
10
14
36
20
34
32
40
42
63
57
35
73
60
17
53
13
1
54
41
6
71
25
36
6
30
31
16
45
64
37
77
74
43
35
25
0
70
65
42
53
44
77
47
24
6
22
37
10
76
1
16
77
26
54
76
56
6
14
23
72
53
12
76
17
50
13
17
40
0
61
13
45
51
62
71
67
4
31
77
3
42
15
2
70
72
0
46
0
15
71
72
70
4
70
7
54
4
26
14
14
10
27
61
61
12
53
50
16
14
40
21
56
55
24
46
47
24
14
47
41
5
41
32
11
32
41
65
46
70
1
52
0
31
34
71
43
17
41
61
23
1
13
1
67
37
47
36
63
53
6
35
60
47
67
72
1
30
57
47
30
61
22
30
22
66
21
65
75
63
56
20
74
61
21
53
20
70
12
14
43
10
41
23
67
30
15
71
70
75
40
21
66
62
51
0
50
3
75
45
66
43
75
62
35
16
36
55
6
50
71
51
60
32
5
47
72
22
40
63
17
1
4
5
63
55
5
34
60
2
1
46
46
77
31
3
15
67
60
24
37
52
5
27
4
2
76
77
25
37
62
44
30
66
52
23
43
57
57
24
62
61
72
30
60
23
33
5
12
13
31
51
65
37
70
72
41
67
71
66
26
53
33
56
31
5
1
74
64
61
20
46
42
13
76
32
36
31
37
41
45
61
12
22
20
13
14
61
2
5
50
20
60
3
6
11
10
7
16
4
60
36
53
32
41
51
64
0
3
14
41
40
5
63
72
25
76
7
6
70
14
56
20
75
61
26
16
71
26
24
76
16
63
51
41
24
22
25
24
25
41
75
65
46
51
60
73
47
67
72
40
3
50
60
0
32
7
17
23
35
43
21
53
26
72
14
53
15
42
7
42
13
75
30
62
56
10
55
25
77
47
65
2
20
56
13
52
65
32
75
22
75
27
75
24
21
12
7
36
54
6
1
67
3
31
51
61
41
27
7
40
76
74
42
16
42
55
60
27
7
66
51
5
5
47
31
26
51
40
65
35
46
66
24
52
17
76
33
60
15
42
20
13
37
62
22
1
40
12
31
57
70
2
64
5
41
15
34
22
55
21
57
24
7
7c
6
2e
72
41
e
f
4
2e
22
3b
18
4c
3c
60
5f
6d
38
57
70
1c
5d
39
3a
11
5c
17
32
33
43
41
2f
49
6f
21
b
7d
30
f
2b
53
4a
43
1f
6
24
7e
74
5c
56
64
78
33
1d
32
44
79
4a
76
2d
d
37
5c
57
26
7e
62
23
2e
71
4e
1
3b
11
21
41
35
1f
35
11
75
19
a
28
37
3c
6c
30
6
62
5d
14
19
3a
6b
3f
38
4d
62
66
3e
30
68
79
42
9
3a
77
28
70
9
1e
9
13
46
40
4f
33
71
56
15
4e
6a
2f
8
55
6e
40
22
51
27
60
1
f
59
43
18
13
3b
40
3
44
5e
d
57
25
4d
26
58
3e
7c
6d
d
66
1c
15
3b
b
56
5d
5c
7d
3d
5d
c
16
21
24
2a
5c
64
2d
20
43
3a
77
68
8
1d
40
46
1a
2d
53
0
4a
69
3c
55
3f
19
31
3c
57
e
48
6d
2f
6c
17
b
50
45
2b
13
7f
22
7b
7
40
3b
4e
5a
69
21
5a
33
a
16
8
49
30
39
5
7
47
4d
74
77
39
c
2
a
51
2e
1d
50
50
19
58
10
54
26
6a
3d
47
45
70
52
5b
78
1b
b
31
21
12
79
6e
7
70
28
13
72
32
64
20
4f
34
71
68
c
1
3d
32
6c
7a
7a
31
6b
4c
c
63
67
18
15
8
2a
e
77
31
7e
1f
44
70
51
28
11
20
5d
2
9
69
3
46
1c
6f
40
16
20
2b
62
2d
f
49
45
24
52
6f
32
49
21
30
68
65
20
39
e
31
59
6b
33
62
54
37
28
70
26
69
6
47
14
68
74
23
32
39
47
4
28
79
4d
49
29
35
2f
4a
6e
3d
7b
47
28
2f
2a
7c
66
52
6d
c
3b
73
53
50
5c
47
73
e
0
3b
12
29
34
5f
72
5e
14
21
28
2
5e
23
49
6
52
73
3
38
46
70
45
1
63
18
51
3f
60
45
4d
60
0
5f
9
34
3e
7c
12
52
1d
3a
54
7c
5e
1e
2
30
11
5
69
57
75
2e
59
59
46
2a
18
26
6f
66
7
6f
45
10
24
4
c
36
56
2a
71
2b
26
4f
49
28
7f
5a
2e
68
32
23
16
b
7c
5d
35
15
3
25
7b
a
14
40
1b
38
44
27
6f
1b
51
60
46
77
2f
f
20
2e
69
4e
17
1b
71
2d
26
6e
a
5c
3
e
1
7e
18
15
3e
33
4e
3
5b
3d
1e
2c
1d
64
24
4c
73
44
7a
5c
12
11
78
3
3f
1e
71
49
7a
74
57
7b
72
70
11
31
23
5f
34
7e
1c
52
2b
39
36
4f
5
29
13
7f
5
25
11
7d
28
50
1c
1a
19
16
e
71
12
1
61
23
32
4
2
66
3
1e
38
2e
57
6e
7d
5c
23
39
76
72
9
1b
65
1e
66
70
49
17
3d
71
22
7a
1d
56
31
58
14
45
1a
78
3c
7c
0
7
19
64
34
3d
1d
2a
2f
26
45
14
45
2b
4
e
43
41
7f
65
3b
1d
3b
6c
75
50
31
f
48
6d
b
48
74
24
2c
29
61
49
53
10
70
19
24
35
44
28
43
7
6a
42
6c
25
5f
28
12
54
78
43
63
40
31
6e
8
25
13
35
4e
74
7e
22
5
6e
3b
29
23
7f
52
66
7
3c
29
73
61
8
1b
73
5d
13
37
40
53
68
2f
5c
d
42
11
5c
36
f
7e
3b
7e
39
65
21
38
37
8
3f
73
31
33
54
39
4e
48
16
62
7f
57
35
67
6
11
74
48
22
50
7e
32
4e
3a
30
7
1f
51
40
56
59
7f
49
a
32
1d
44
1
65
5a
63
64
31
18
4b
37
2a
40
7f
4c
10
7e
7e
5f
38
2e
66
57
0
26
2d
59
26
76
64
58
13
28
59
79
2
3c
5d
34
55
29
6b
7f
69
6b
4b
79
69
4a
58
21
78
3f
78
78
65
25
52
b
1b
36
64
2e
5e
3d
27
60
7a
5
14
4f
2e
0
4e
17
6b
19
10
54
63
69
75
5c
28
6d
54
d
12
26
19
2d
5c
7d
5b
3a
3a
3
1b
34
8
2f
3
36
2f
51
4d
1a
6b
5d
6e
4e
46
63
2a
6e
50
7f
7c
62
25
15
f
2
12
6b
3c
4c
6e
57
1
76
7
4
2c
36
56
79
51
41
56
3f
f
1d
23
3a
b
73
39
7
56
5e
1c
65
60
2e
50
1d
7b
3e
74
7c
34
7b
0
60
32
56
59
3
17
30
42
27
4d
65
61
58
59
1a
60
2f
78
7c
14
59
2b
65
76
26
23
6a
22
58
66
22
38
18
79
12
1b
10
42
5d
37
f
43
18
67
1c
32
47
4b
2b
44
5f
4
6f
44
7a
15
68
64
37
40
4a
59
78
62
52
a
7d
63
4c
5b
1a
5b
1e
33
43
3a
65
a
5
10
4e
64
14
3d
29
e
52
11
73
9
51
3d
63
49
20
35
54
1d
18
20
78
33
7c
16
66
3f
50
4b
49
55
5c
18
3a
70
55
63
7f
28
74
72
31
45
2f
14
e
4f
4a
62
6d
62
3
65
15
7f
7c
7b
3e
4c
47
7
22
23
1f
5c
13
75
3f
12
1d
33
4
4e
78
34
63
6
3
2d
69
70
f
6c
56
25
6b
52
20
29
1e
67
30
40
a
50
1c
1e
45
5b
30
62
e
35
30
6
69
13
d
6c
40
76
5d
50
62
33
75
4d
5
15
76
23
7d
26
64
7
76
0
25
3b
5c
56
1d
6a
b
4e
71
74
61
7e
60
22
74
3d
72
56
70
67
23
75
7c
19
19
79
3f
7d
1
36
7d
26
71
59
7c
f
2f
78
15
30
2e
13
57
20
6c
53
2f
30
5b
c
65
56
4a
18
32
2b
3f
4c
7d
3c
56
37
5c
55
6d
15
6e
1c
e
3
4d
3c
16
24
5c
3
77
b
33
52
17
19
29
62
31
5b
d
71
27
a
2d
7d
41
a
53
2e
1f
41
4b
2d
44
18
6a
5b
3c
46
5e
33
52
11
6
69
2a
2f
4b
5c
a
58
4d
32
63
7a
2f
24
4
2
53
24
43
1e
51
8
36
3b
63
72
2
41
25
54
52
2b
3d
7d
5a
9
59
65
61
26
17
44
20
46
69
25
49
3c
49
c
5a
1a
14
10
56
77
2
58
38
27
2c
b
53
69
8
2d
72
61
12
54
7
29
18
27
70
1
4c
39
3d
15
45
17
30
5a
27
6
51
29
5e
a
51
a
15
24
73
1d
51
66
7e
64
3a
5
d
52
2c
7d
54
79
36
11
e
7c
29
3e
56
50
44
27
7a
22
31
4b
2c
46
6f
20
63
40
6
61
24
40
66
32
12
13
2f
66
c
66
78
1a
62
21
59
38
71
1d
5f
6b
40
11
36
6c
57
25
c
3b
66
12
1c
a
52
3
3c
65
16
6c
4b
22
52
43
3c
34
64
15
6c
56
33
4b
41
73
5c
78
5f
34
1d
6c
6f
3
7e
b
e
51
e
4a
36
24
36
1
46
8
45
3
3c
29
18
28
7f
4b
74
41
3e
50
39
1e
4
56
a
73
5a
8
7f
68
59
d
32
f
32
69
11
78
71
56
7b
2e
7f
14
56
7f
5f
4a
40
1e
1b
79
3c
1f
4f
46
13
29
4e
12
11
28
1f
44
37
51
2d
48
4a
1e
1e
45
4c
1e
59
23
1d
39
6d
5d
57
8
56
13
28
25
59
3b
4f
27
4d
60
4f
6c
24
7
3e
51
4f
8
70
6e
4d
3c
c
27
5f
29
60
4d
6
37
55
5c
4a
7d
1
23
38
50
4a
5
31
1a
72
55
21
30
27
70
38
17
5e
5
53
6a
2c
33
13
c
0
19
43
55
75
d
53
77
30
b
47
7b
11
78
15
3
4e
36
33
75
26
6b
c
5
70
5f
6f
1d
12
3
29
12
1c
6d
68
12
7a
3b
9
2b
46
50
26
57
49
3b
5a
17
71
d
c
17
78
18
1c
69
77
c
6
a
f
2f
1c
2b
1c
4
3d
17
3f
46
42
6
17
68
5d
60
23
38
77
14
45
3
2b
3e
1b
48
27
12
54
2d
1c
63
5c
39
e
79
3d
4c
10
7d
12
52
3
29
3a
60
9
5d
18
0
71
5e
3
1c
1c
1e
64
43
31
38
70
4d
1b
4c
6
2a
45
44
76
55
41
8
27
44
32
61
24
3b
3e
3d
3c
2f
1b
3f
4c
37
5e
30
7a
f
69
6a
5c
4
36
63
2e
7c
27
24
51
68
2d
79
2c
5f
5a
50
