6
5
57
33
26
77
45
46
37
66
76
42
11
7
56
16
16
52
71
16
11
16
2
37
6
17
21
57
5
76
11
7
77
71
42
24
67
7
67
27
70
64
67
1
67
47
16
6
16
7
22
27
25
24
66
27
42
6
6
47
0
12
56
72
7
16
20
72
17
7
26
7
72
16
10
62
57
27
66
76
36
2
24
57
30
7
7
73
16
15
36
16
31
10
14
37
26
34
36
46
42
63
57
35
77
66
17
57
13
1
54
46
7
76
25
37
6
30
31
17
45
62
37
77
72
47
35
25
0
70
67
42
53
44
77
47
22
7
26
37
10
77
6
17
77
27
52
77
57
7
12
23
76
53
16
76
17
50
17
17
40
6
61
13
47
56
62
76
67
2
36
77
7
42
15
2
70
72
0
47
0
17
71
76
70
2
70
7
52
2
27
12
14
10
27
61
66
12
57
50
17
14
46
26
56
57
22
46
47
22
14
47
46
5
46
36
11
36
46
67
46
76
6
56
6
36
32
71
47
17
41
66
27
6
13
1
67
37
47
36
67
57
6
35
60
47
67
72
6
36
57
47
30
66
26
36
22
66
26
67
77
67
56
26
74
66
26
57
26
70
12
14
47
16
46
27
67
36
17
71
70
77
40
21
66
66
56
6
50
3
75
47
67
47
75
62
35
17
37
57
7
50
71
56
66
36
5
47
72
22
40
63
17
1
4
5
67
57
7
32
60
2
6
47
47
77
31
3
17
67
60
22
37
52
5
27
2
6
76
77
27
37
62
42
36
66
52
23
43
57
57
24
62
66
72
30
66
23
33
5
12
13
31
51
65
37
76
72
41
67
71
67
26
53
37
57
36
7
1
72
62
61
20
47
46
13
77
32
36
31
37
46
45
66
16
26
20
13
12
61
2
7
50
26
60
7
6
16
16
7
16
4
66
36
53
32
46
51
64
0
3
12
46
46
5
63
72
25
76
7
6
76
12
56
20
77
61
26
16
76
27
22
77
16
63
51
46
22
22
27
22
25
46
75
67
47
56
60
73
47
67
76
46
7
50
66
6
32
7
17
27
37
47
26
53
27
76
12
57
17
46
7
42
13
77
30
62
56
10
55
25
77
47
67
6
20
56
13
52
65
32
77
22
77
27
75
22
21
12
7
37
52
7
1
67
7
31
51
61
41
27
7
40
76
74
46
16
46
57
66
27
7
66
51
7
7
47
36
27
56
40
67
35
47
67
24
56
17
76
37
60
17
42
20
13
37
66
26
1
46
12
31
57
76
2
64
5
46
17
34
22
57
21
57
22
7
